173 50  38
163 51  38
165 56  38
168 56  38
171 68  38
165 50  39
163 59  39
172 60  39
172 65  39
172 66.5    39
174 50  40
168 52  40
175 54  40
163 55  40
173 56  40
175 60  40
173 62  40
172 65  40
174 67  40
180 70  40
174 84  40
157 50  41
164 53  41
170 55  41
178 56  41
173 58.5    41
178 60  41
173 65  41
167 65  41
168 70  41
178 70  41
177 70  41
176 73  41
173 84  41
172 55  42
176 55  42
169 56  42
178 60  42
181 60  42
176 60  42
173 60  42
176 60  42
179 61  42
172 61  42
176 62  42
178 62  42
172 62  42
178 62.5    42
175 63  42
178 65  42
156 43  36
161 45  36
166 48  36
169 52  36
161 54  36
163 62  36
158 45  37
157 45  37
157 46  37
163 50  37
165 50  37
165 51  37
165 52  37
165 63  37
155 47  38
165 47  38
159 48  38
155 51  38
165 51  38
168 52  38
165 53  38
162 53  38
170 60  38
160 62  38
163 67  38
169 62  39
171 59  40
152 42  35
155 43  36
162 50  37
165 53  37
160 54  36
171 54  38
168 59  37
173 60  39
169 56  38
156 44  36
162 53  38
165 50  38
162 52  38
161 54  36
165 52  38
166 58  38
165 58  37
165 50  37
169 62  38
157 50  38
161 46  36
163 48  37
162 53  38
168 67  42
174 72  42
180 75  42
177 75  42
177 75  42
175 75  42
176 75  42
158 51  41
181 65  43
180 66  43
178 67  43
175 67  43
185 70  43
183 70  43
178 70  43
177 71  43
181 73  43
167 54  41
178 78  43
178 80  43
174 83  43
178 60  44
160 49  38
179 68  44
174 88  44
170 65  46
178 56  45
170 57  44
176 60  45
168 62  42
180 62  45
172 64  41
181 74  43
167 55  41
176 66  43
175 65  42
169 50  39
167 57  42
168 65  42
178 82  42
172 55  42
166 66  42
173 56  42
177 58  43
174 62  42
158 51  41
170 55  42
169 49  41
180 67  41
184 68  42
147 36  35
163 55  38
160 51  37
164 52  38
155 44  37
158 51  36
158 42  36
158 41  38
160 46.5    37
165 51  37
164 62  39
159 60  38
170 51  38
158 44  36
160 50  39
158 50  37
161 52  38
175 47  37
164 48  38
166 52  36
168 45  37
162 53  37
152 42  36
156 43  36
170 53  38
169 48  38
164 62  39
160 47  37
163 45  37
164 62  39
160 47  36
160 43  36
174 55  38
162 53  37
165 50  35
171 59  40
164 49  37
171 59  41
160 45  36
163 58  38
168 54  39
172 52  38
169 60  38
163 62  38
160 48  38
169 51  39
164 51  37.5
169 51  39
160 50  37
165 55  38